91         1601       1000        11346509    1            0                91            5560         2000           11344740      ok
91         1601       1000        11346509    2            0                91            5560         2000           11344740      Duplikat
91         1601       1000        11346509    3            0                91            5560         2000           11344740      Duplikat
91         1601       1001        11346509    1            0                91            5560         2000           11344740      ok
91         1601       1001        11346509    2            0                91            5560         2000           11344740      Duplikat
91         1601       1001        11346509    3            0                91            5560         2000           11344740      Duplikat
91         1601       1009        11346509    1            0                91            5560         2004           11344740      ok
91         1601       2004        11346509    1            0                91            5560         2003           11344740      ok
91         1601       2004        11346509    2            0                91            5560         2003           11344740      Duplikat
91         1601       2004        11346509    3            0                91            5560         2003           11344740      Duplikat
91         1601       2004        11346509    4            0                91            5560         2003           11344740      Duplikat
91         1601       2005        11346509    1            0                91            5560         2004           11344740      ok
91         1601       2007        11346509    1            0                91            5560         2004           11344740      ok
91         1601       2008        11346509    1            0                91            5560         2004           11344740      ok
91         5408       1002        11414749    1            0                91            5408         2002           11414749      ok
91         5408       1002        11414749    2            0                91            5560         1003           11414749      ok
91         5408       1002        11414749    3            0                91            5900         1004           11414749      ok
91         5408       1002        11414749    4            0                91            5430         1003           11414749      ok
91         5408       1002        11414749    5            0                91            5560         1003           11414749      ok
91         5408       1002        11414749    6            0                91            5560         1003           11414749      Duplikat
91         5408       1003        11414749    1            0                91            5900         1004           11414749      ok
91         5408       1003        11414749    2            0                91            5430         1003           11414749      ok
91         5408       1003        11414749    3            0                91            5408         2001           11414749      ok
91         5408       2000        11414721    1            0                91            5408         1003           11414721      ok
91         5408       2001        11304719    1            0                91            5408         1002           11304719      ok
91         5430       1000        11334733    1            0                91            5430         2001           11334733      ok
91         5430       1003        11334733    1            0                91            5430         2004           11334733      ok
91         5430       1003        11334733    2            0                91            5430         2004           11334733      Duplikat
91         5430       1003        11334733    3            0                91            5430         2004           11334733      Duplikat
91         5430       1003        11334733    4            0                91            5430         2004           11334733      Duplikat
91         5430       1003        11334733    5            0                91            5430         2004           11334733      Duplikat
91         5430       1006        11334728    1            0                91            5430         2005           11334728      ok
91         5430       1006        11334728    2            0                91            5430         2005           11334728      Duplikat
91         5430       1007        11334728    1            0                91            5430         2006           11334728      ok
91         5430       1007        11334728    2            0                91            5430         2006           11334728      Duplikat
91         5430       1008        11344735    1            0                91            5430         2007           11344735      ok
91         5430       1008        11344735    2            0                91            5430         2007           11344735      Duplikat
91         5430       2000        11414749    1            0                91            5502         2000           11414749      ok
91         5430       2001        11414749    1            0                91            5560         2000           11414749      ok
91         5430       2003        11414749    1            0                91            5408         2002           11414749      ok
91         5430       2003        11414749    2            0                91            5502         2001           11414749      ok
91         5430       2003        11414749    3            0                91            5560         1003           11414749      ok
91         5430       2003        11414749    4            0                91            5900         1004           11414749      ok
91         5430       2004        11414749    1            0                91            5502         2002           11414749      ok
91         5430       2004        11414749    2            0                91            5502         2003           11414749      ok
91         5430       2005        11414749    1            0                91            5900         2006           11414749      ok
91         5430       2006        11414749    1            0                91            5900         2007           11414749      ok
91         5430       2007        11414749    1            0                91            5550         2001           11414749      ok
91         5430       3000        11334728    1            0                91            5430         4000           11334728      ok
91         5430       3000        11334728    2            0                91            5430         4000           11334728      Duplikat
91         5430       4000        11414749    1            0                91            5900         4001           11414749      ok
91         5431       2000        11414749    1            0                91            5502         2000           11414749      ok
91         5501       1003        11304716    1            0                91            5501         2003           11304716      ok
91         5502       1000        11414749    1            0                91            5900         1000           11414749      ok
91         5502       1000        11414749    2            0                91            5900         1000           11414749      Duplikat
91         5502       1000        11414749    3            0                91            5430         1000           11414749      ok
91         5502       1000        11414749    4            0                91            5430         1000           11414749      Duplikat
91         5502       1000        11414749    5            0                91            5502         2000           11414749      ok
91         5502       1001        11414749    1            0                91            5900         1004           11414749      ok
91         5502       1001        11414749    2            0                91            5430         1003           11414749      ok
91         5502       1002        11414749    1            0                91            5431         1000           11414749      ok
91         5502       1002        11414749    2            0                91            5430         1004           11414749      ok
91         5502       1002        11414749    3            0                91            5502         2002           11414749      ok
91         5502       1003        11414749    1            0                91            5900         1005           11414749      ok
91         5502       1003        11414749    3            0                91            5430         1005           11414749      ok
91         5502       1003        11414749    4            0                91            5502         2003           11414749      ok
91         5502       1004        11414749    1            0                91            5430         1000           11414749      ok
91         5502       1004        11414749    2            0                91            5430         1000           11414749      Duplikat
91         5502       1004        11414749    3            0                91            5900         1000           11414749      ok
91         5502       1004        11414749    4            0                91            5900         1000           11414749      Duplikat
91         5502       1004        11414749    5            0                91            5502         2000           11414749      ok
91         5529       5000        11334732    1            0                91            5529         6001           11334732      ok
91         5529       5000        11334732    2            0                91            5529         6001           11334732      Duplikat
91         5529       5000        11334732    3            0                91            5529         6001           11334732      Duplikat
91         5529       5001        11344735    1            0                91            5529         6000           11344735      ok
91         5529       5001        11344735    2            0                91            5529         6000           11344735      ok
91         5529       6000        11414749    1            0                91            5550         6001           11414749      ok
91         5529       6001        11414749    1            0                91            5560         6001           11414749      ok
91         5529       6001        11414749    2            0                91            5550         6000           11414749      ok
91         5531       1000        11344735    1            0                91            5531         2000           11344735      ok
91         5531       2000        11414749    1            0                91            5900         2006           11414749      ok
91         5531       3000        11334733    1            0                91            5531         4000           11334733      ok
91         5531       5000        11334733    1            0                91            5531         6000           11334733      ok
91         5531       5001        11334733    1            0                91            5531         6001           11334733      ok
91         5531       5002        11344735    1            0                91            5531         6002           11344735      ok
91         5550       1001        11604838    1            0                91            5550         2001           11604838      ok
91         5550       1001        11604837    2            0                91            1601         1008           11604411      ok
91         5550       1001        11414749    3            0                91            5430         1008           11414749      ok
91         5550       2000        11414749    1            0                91            5408         2001           11414749      ok
91         5550       5000        11414749    1            0                91            5529         5000           11414749      ok
91         5550       5001        11604838    1            0                91            5550         6001           11604838      ok
91         5550       5001        11414749    2            0                91            5529         5001           11414749      ok
91         5550       6001        11414749    1            0                91            5560         6002           11414749      ok
91         5560       1000        11344738    1            0                91            1600         1001           11346507      ok
91         5560       1000        11344738    2            0                91            1600         1001           11346507      Duplikat
91         5560       1000        11344738    3            0                91            1600         1001           11346507      Duplikat
91         5560       1000        11344738    4            0                91            5560         2001           11344738      ok
91         5560       1000        11344736    5            0                91            1602         1001           11345771      ok
91         5560       1000        11414749    6            0                91            5430         1001           11414749      ok
91         5560       1001        11354742    1            0                91            5560         2002           11354742      ok
91         5560       1002        11344740    1            0                91            5560         2003           11344740      
91         5560       1002        11344740    2            0                91            1601         1011           11346509      
91         5560       1002        11344740    3            0                91            1601         2004           11346509      
91         5560       1002        11414749    4            0                91            5430         1002           11414749      
91         5560       1003        11344740    1            0                91            5560         2004           11344740      
91         5560       1003        11344740    2            0                91            1601         2007           11346509      
91         5560       1003        11344740    3            0                91            1601         1009           11346509      
91         5560       1003        11414749    4            0                91            5900         1004           11414749      
91         5560       1003        11414749    5            0                91            5430         1003           11414749      
91         5560       1003        11414721    6            0                91            5408         2002           11414721      
91         5560       1004        11344741    1            0                91            5560         2005           11344741      
91         5560       2000        11414749    1            0                91            5560         2001           11414749      
91         5560       2000        11414749    2            0                91            5430         1001           11414749      
91         5560       2002        11414749    1            0                91            5900         1004           11414749      
91         5560       2002        11414749    2            0                91            5430         1003           11414749      
91         5560       2003        11414749    1            0                91            5900         1004           11414749      
91         5560       2003        11414749    2            0                91            5430         1003           11414749      
91         5560       2003        11414749    3            0                91            5408         2002           11414749      
91         5560       2005        11414749    1            0                91            5550         2001           11414749      
91         5560       2005        11414749    2            0                91            5900         1006           11414749      
91         5560       2005        11414749    3            0                91            5430         1006           11414749      
91         5560       3000        11344741    1            0                91            5560         4001           11344741      
91         5560       3001        11414749    1            0                91            5900         3000           11414749      
91         5560       3001        11414749    2            0                91            5900         3000           11414749      
91         5560       4000        11414749    1            0                91            5912         4000           11414749      
91         5560       4001        11414749    1            0                91            5531         4000           11414749      
91         5560       5000        11344741    1            0                91            5560         6001           11344741      
91         5560       5001        11414749    1            0                91            5550         5001           11414749      
91         5560       5001        11344741    2            0                91            5560         6002           11344741      
91         5900       1000        11414744    1            0                91            5900         2000           11414744      
91         5900       1001        11414744    1            0                91            5900         2001           11414744      
91         5900       1002        11414744    1            0                91            5900         2002           11414744      
91         5900       1002        11414749    2            0                91            5560         1001           11414749      
91         5900       1003        11414744    1            0                91            5900         2003           11414744      
91         5900       1003        11414744    2            0                91            5560         2003           11414744      
91         5900       1005        11414744    1            0                91            5900         2005           11414744      
91         5900       1006        11414744    1            0                91            5900         2006           11414744      
91         5900       1006        11414749    2            0                91            5430         1006           11414749      
91         5900       1006        11414749    3            0                91            5430         1006           11414749      
91         5900       1007        11414744    1            0                91            5900         2007           11414744      
91         5900       1007        11414749    2            0                91            5560         1006           11414749      
91         5900       1007        11414749    3            0                91            5430         1007           11414749      
91         5900       1007        11414749    4            0                91            5430         1007           11414749      
91         5900       2001        11414749    1            0                91            5560         1000           11414749      
91         5900       2001        11414749    2            0                91            5560         1000           11414749      
91         5900       2001        11414749    3            0                91            5560         1000           11414749      
91         5900       2001        11414749    4            0                91            5560         1000           11414749      
91         5900       2001        11414749    5            0                91            5560         1000           11414749      
91         5900       2002        11414749    1            0                91            5560         1002           11414749      
91         5900       2002        11414749    2            0                91            5560         1002           11414749      
91         5900       2002        11414749    3            0                91            5560         1002           11414749      
91         5900       2003        11414749    1            0                91            5560         2003           11414749      
91         5900       2003        11414749    2            0                91            5408         2002           11414749      
91         5900       2003        11414749    3            0                91            5502         2001           11414749      
91         5900       2003        11414749    4            0                91            5560         1003           11414749      
91         5900       2003        11414749    5            0                91            5560         1003           11414749      
91         5900       2003        11414749    6            0                91            5560         1003           11414749      
91         5900       2004        11414749    1            0                91            5502         2002           11414749      
91         5900       2004        11414749    2            0                91            5502         2003           11414749      
91         5900       2004        11414749    3            0                91            5430         1004           11414749      
91         5900       2004        11414749    4            0                91            5430         1005           11414749      
91         5900       2007        11415474    1            0                91            5560         1006           11415474      
91         5900       3000        11414744    1            0                91            5900         4000           11414744      
91         5900       3001        11414744    1            0                91            5900         4001           11414744      
91         5912       3000        11334733    1            0                91            5912         4000           11334733      
91         5912       3000        11414748    2            0                91            5560         4000           11414748      
91         5912       5000        11334733    1            0                91            5912         6000           11334733      
93         5460       1000        11024706    1            0                93            5460         1001           11024706      
93         5460       2001        11024706    1            0                93            5460         2002           11024706      
94         5750       1002        11064847    1            0                94            5750         2004           11064847      
94         5750       1009        11064847    1            0                94            5750         2011           11064847      
94         5750       1018        11494908    1            0                94            5750         2018           11494908      
94         5750       1019        11064847    1            0                94            5750         2019           11064847      
94         5750       1020        11064847    1            0                94            5750         2020           11064847      
94         5750       2002        11064754    1            0                94            5750         1002           11064754      
94         5750       2004        11064754    1            0                94            5750         1004           11064754      
94         5750       2005        11064754    1            0                94            5750         1005           11064754      
94         5750       2013        11064754    1            0                94            5750         1013           11064754      
94         5750       2015        11064754    1            0                94            5750         1016           11064754      
94         5750       3000        11064847    1            0                94            5750         4001           11064847      
94         5750       3002        11494908    1            0                94            5750         4003           11494908      
94         5750       3003        11064847    1            0                94            5750         4004           11064847      
94         5750       3009        11064847    1            0                94            5750         4010           11064847      
94         5750       4000        11064754    1            0                94            5750         3000           11064754      
94         5750       4001        11064754    1            0                94            5750         3001           11064754      
94         5750       4002        11064754    1            0                94            5750         3002           11064754      
94         5750       4003        11064754    1            0                94            5750         3003           11064754      
94         5750       4004        11064754    1            0                94            5750         3004           11064754      
94         5750       4005        11064754    1            0                94            5750         3005           11064754      
94         5750       4006        11064754    1            0                94            5750         3006           11064754      
94         5750       4007        11064754    1            0                94            5750         3007           11064754      
94         5750       4008        11064754    1            0                94            5750         3008           11064754      
94         5750       4009        11064754    1            0                94            5750         3009           11064754      
94         5750       4010        11064754    1            0                94            5750         3010           11064754      
94         5750       5000        11064847    1            0                94            5750         6001           11064847      
94         5750       5002        11494908    1            0                94            5750         6003           11494908      
94         5750       5003        11064847    1            0                94            5750         6004           11064847      
94         5750       5003        11064847    2            0                94            5750         6503           11064847      
94         5750       5008        11064847    1            0                94            5750         6009           11064847      
94         5750       6001        11064754    1            0                94            5750         5001           11064754      
94         5750       6002        11064754    1            0                94            5750         5002           11064754      
94         5750       6003        11064754    1            0                94            5750         5003           11064754      
94         5750       6004        11064754    1            0                94            5750         5004           11064754      
94         5750       6005        11064754    1            0                94            5750         5005           11064754      
94         5750       6006        11064754    1            0                94            5750         5006           11064754      
94         5750       6007        11064754    1            0                94            5750         5007           11064754      
94         5750       6008        11064754    1            0                94            5750         5008           11064754      
94         5750       6009        11064754    1            0                94            5750         5010           11064754      
94         5750       6010        11064754    1            0                94            5750         5010           11064754      
94         5750       6503        11064754    1            0                94            5750         5004           11064754      
95         5961       1000        11416656    1            0                83            5986         1005           11416656      
95         5961       1001        11416656    1            0                83            5986         1005           11416656      
95         5961       1002        11416656    1            0                83            5986         1005           11416656      
95         5961       1003        11416656    1            0                95            5961         1004           11416656      
95         5961       1003        11416656    2            0                83            5986         1008           11416656      
95         5961       2003        11416656    1            0                83            5986         2012           11416656      
95         5961       2004        11334835    1            0                95            5961         2005           11334835      
95         5961       2004        11334835    2            0                95            5961         2005           11334835      
95         5961       2004        11334835    3            0                95            5961         2005           11334835      
95         5961       2005        11416656    1            0                83            5986         2013           11416656      
95         5961       2005        11416656    2            0                83            5986         1013           11416656      
95         5961       2006        11416656    1            0                83            5986         2013           11416656      
95         5961       2006        11416656    2            0                83            5986         1013           11416656      
95         5961       3000        11425340    1            0                95            5961         4001           11425340      
95         5961       3000        11416656    2            0                83            5986         4007           11416656      
95         5961       3000        11416656    3            0                83            5986         3008           11416656      
95         5961       5000        11425340    1            0                95            5961         6001           11425340      
95         5961       5000        11416656    2            0                83            5986         5005           11416656      
95         5961       6001        11416656    1            0                83            5986         6011           11416656      
